countyname,countygeoid,statefp,openwater,snowice,devopen,devlow,devmed,devhigh,barren,desidueous,evergreen,mixedforest,shrubscrub,herbaceuous,haypasture,cultivated,woodywetlands,emergentherbwetlands
Autauga,1001,1,1.28,0,4.155,1.37,0.436,0.117,0.274,17.583,18.998,13.258,17.91,1.73,11.603,5.947,4.944,0.396
Baldwin,1003,1,5.883,0,4.833,1.785,0.687,0.208,0.609,0.493,23.697,2.223,12.659,5.137,5.723,9.491,24.503,2.069
Barbour,1005,1,2.901,0,3.432,0.759,0.212,0.065,0.141,20.36,27.359,8.543,16.737,2.42,6.829,5.503,4.469,0.27
Bibb,1007,1,0.704,0,3.533,0.417,0.157,0.035,0.289,27.06,28.885,13.203,11.732,3.749,5.426,0.579,4.038,0.193
Blount,1009,1,0.969,0,4.722,1.314,0.308,0.082,0.467,32.951,10.193,6.101,5.973,4.577,27.043,4.565,0.688,0.047
Bullock,1011,1,1.159,0,3.249,0.459,0.073,0.019,0.084,17.885,25.205,11.978,14.873,1.769,10.759,3.678,8.025,0.783
Butler,1013,1,0.424,0,3.86,0.549,0.152,0.042,0.04,25.006,33.518,6.551,10.981,2.645,7.187,1.565,7.306,0.174
Calhoun,1015,1,0.621,0,9.602,3.676,1.208,0.449,0.387,35.512,16.709,7.2,3.35,4.75,13.207,2.663,0.642,0.024
Chambers,1017,1,1.335,0,4.221,1.346,0.24,0.087,0.224,29.123,28.359,1.005,10.086,7.585,13.166,0.027,3.029,0.168
Cherokee,1019,1,7.136,0,4.2,1.283,0.225,0.077,0.359,23.389,17.793,10.639,5.694,4.248,14.168,9.09,1.582,0.117
Chilton,1021,1,1.431,0,4.24,1.092,0.314,0.089,0.352,29.756,19.596,8.964,12.417,4.111,13.255,2.026,2.236,0.122
Choctaw,1023,1,0.829,0,2.8,0.216,0.07,0.023,0.086,19.044,28.229,15.735,15.56,5.809,2.751,0.445,8.363,0.039
Clarke,1025,1,1.294,0,2.439,0.266,0.12,0.047,0.188,12.717,30.642,14.749,12.929,7.161,2.162,0.19,14.841,0.255
Clay,1027,1,0.33,0,3.355,0.153,0.059,0.019,0.332,46.401,26.996,0.747,5.697,6.956,7.694,0.007,1.208,0.045
Cleburne,1029,1,0.398,0,3.523,0.638,0.129,0.023,0.212,43.9,28.14,1.069,6.348,5.823,8.918,0.031,0.818,0.031
Coffee,1031,1,0.841,0,5.071,1.173,0.372,0.126,0.045,11.633,26.355,11.742,14.069,2.003,9.521,12.346,4.385,0.318
Colbert,1033,1,4.502,0,5.079,2.408,0.784,0.311,0.253,33.64,5.947,3.726,11.552,2.685,16.313,9.665,3.014,0.12
Conecuh,1035,1,0.343,0,2.637,0.363,0.068,0.019,0.118,15.783,36.528,11.421,11.046,6.337,7.114,2.656,5.368,0.199
Coosa,1037,1,2.129,0,4.091,0.221,0.029,0.003,0.244,42.073,31.011,0.886,7.953,6.872,3.305,0.062,1.098,0.022
Covington,1039,1,1.146,0,4.606,0.818,0.178,0.066,0.026,10.011,35.714,11.482,10.791,3.965,13.436,3.139,4.357,0.267
Crenshaw,1041,1,0.599,0,3.882,0.464,0.072,0.018,0.028,25.898,25.381,6.681,12.07,3.404,9.555,3.598,8.16,0.19
Cullman,1043,1,2.1,0,5.504,2.312,0.699,0.263,0.4,24.519,8.945,5.797,7.183,4.422,32.764,4.343,0.71,0.04
Dale,1045,1,0.713,0,5.171,1.713,0.664,0.27,0.058,17.038,26.33,6.575,15.796,1.361,6.646,11.73,5.654,0.281
Dallas,1047,1,2.43,0,4.63,0.788,0.305,0.127,0.098,17.027,17.934,6.074,10.614,3.686,13.392,5.591,15.439,1.866
DeKalb,1049,1,0.289,0,5.066,1.931,0.531,0.201,0.191,26.85,5.868,10.917,4.864,2.708,33.877,6.348,0.322,0.036
Elmore,1051,1,5.97,0,5.292,1.435,0.467,0.12,0.391,28.122,15.787,9.347,9.682,2.736,11.493,5.693,3.309,0.156
Escambia,1053,1,0.644,0,2.93,0.962,0.242,0.076,0.448,3.583,37.168,6.507,13.886,7.691,4.228,9.663,11.018,0.953
Etowah,1055,1,2.501,0,8.832,4.747,1.277,0.62,0.261,29.772,9.293,9.149,4.978,3.258,19.948,3.539,1.695,0.13
Fayette,1057,1,0.328,0,3.679,0.389,0.12,0.043,0.132,34.201,16.3,11.648,17.091,2.726,3.596,3.794,5.852,0.101
Franklin,1059,1,1.934,0,3.679,1.391,0.405,0.114,0.314,37.488,9.903,4.642,16.106,3.316,17.763,1.415,1.397,0.134
Geneva,1061,1,1.028,0,4.995,0.726,0.129,0.045,0.037,4.592,24.693,3.889,13.876,1.558,14.139,21.451,8.212,0.63
Greene,1063,1,3.333,0,3.656,0.371,0.054,0.018,0.022,19.308,13.557,9.326,11.427,1.33,13.386,2.901,20.712,0.598
Hale,1065,1,4.206,0,3.26,0.361,0.053,0.01,0.05,20.158,11.578,9.594,10.097,1.055,19.483,3.594,16.104,0.397
Henry,1067,1,1.553,0,3.873,1.013,0.163,0.035,0.17,12.132,22.452,9.836,15.882,2.322,7.355,19.034,4.001,0.178
Houston,1069,1,0.76,0,6.417,2.948,1.11,0.554,0.031,5.815,19.436,1.961,12.251,1.041,9.981,29.23,8.188,0.278
Jackson,1071,1,4.111,0,2.845,1.16,0.331,0.132,0.168,48.425,4.006,6.038,4.976,2.293,16.928,6.371,2.071,0.145
Jefferson,1073,1,1.209,0,13.567,9.347,3.915,1.657,1.068,30.574,17.42,5.554,5.658,3.81,4.7,0.627,0.867,0.027
Lamar,1075,1,0.35,0,3.916,0.481,0.101,0.03,0.028,32.93,11.429,10.428,18.537,2.765,6.131,1.155,11.477,0.244
Lauderdale,1077,1,7.284,0,6.572,2.014,0.565,0.2,0.022,27.524,3.24,3.126,7.804,1.56,26.845,10.589,2.529,0.126
Lawrence,1079,1,2.809,0,4.114,0.9,0.291,0.083,0.085,24.097,8.386,6.79,6.415,2.028,27.632,10.31,5.976,0.086
Lee,1081,1,2.236,0,6.835,4.396,1.37,0.517,0.385,29.933,20.508,3.225,10.213,5.32,9.997,2.952,1.952,0.162
Limestone,1083,1,6.931,0,5.836,2.149,0.675,0.168,0.08,17.819,2.364,3.823,4.329,2.293,30.982,17.838,4.615,0.098
Lowndes,1085,1,1.667,0,3.771,0.452,0.071,0.021,0.06,22.666,15.391,2.228,13.981,2.158,12.714,10.392,13.119,1.306
Macon,1087,1,1.029,0,4.332,0.884,0.172,0.042,0.813,16.675,18.748,15.314,13.935,1.479,10.413,4.344,11.113,0.708
Madison,1089,1,1.218,0,11.253,8.347,2.534,0.918,0.18,24.061,2.749,2.239,3.905,1.476,18.207,18.264,4.439,0.209
Marengo,1091,1,1.296,0,3.321,0.435,0.148,0.051,0.135,15.246,20.543,10.452,12.88,3.977,14.781,0.96,15.552,0.223
Marion,1093,1,0.501,0,5.059,1.437,0.488,0.161,0.183,34.411,16.673,6.451,16.517,5.599,9.034,1.544,1.893,0.048
Marshall,1095,1,9.392,0,5.384,3.138,0.902,0.396,0.189,28.527,4.82,6.741,4.341,1.968,28.214,4.99,0.927,0.069
Mobile,1097,1,4.452,0,8.475,3.828,1.788,0.634,0.544,0.439,24.663,5.082,12.121,5.105,7.017,2.312,20.532,3.009
Monroe,1099,1,0.951,0,2.446,0.443,0.113,0.051,0.131,19.925,28.472,7.372,11.496,5.858,4.666,5.891,11.198,0.987
Montgomery,1101,1,2.389,0,6.776,4.597,2.638,0.89,0.524,15.205,11.652,3.206,10.416,1.21,18.022,8.223,13.225,1.027
Morgan,1103,1,2.933,0,6.449,3.614,1.439,0.563,0.199,26.227,4.879,4.53,6.634,2.254,30.59,5.612,3.983,0.094
Perry,1105,1,1.468,0,3.442,0.272,0.058,0.009,0.09,17.82,22.42,13.996,13.08,1.708,13.071,4.137,7.519,0.91
Pickens,1107,1,1.61,0,3.848,0.463,0.128,0.021,0.065,29.211,13.201,10.977,15.19,1.793,7.967,3.325,11.776,0.428
Pike,1109,1,0.855,0,4.241,0.744,0.28,0.124,0.015,20.37,22.905,9.855,14.852,1.561,9.292,5.724,8.907,0.274
Randolph,1111,1,2.98,0,3.649,1.342,0.188,0.064,0.275,36.552,20.474,0.353,8.324,7.862,17.276,0.025,0.573,0.062
Russell,1113,1,1.614,0,5.548,1.836,0.706,0.288,0.177,21.473,21.78,8.117,17.215,1.939,7.85,4.123,6.807,0.528
St. Clair,1115,1,2.866,0,5.713,1.452,0.479,0.141,0.717,40.216,13.969,4.343,6.01,5.436,14.283,2.005,2.265,0.106
Shelby,1117,1,2.005,0,7.636,4.237,1.805,0.629,1.064,33.995,18.187,4.004,6.82,5.482,9.044,2.421,2.602,0.068
Sumter,1119,1,2.087,0,3.523,0.503,0.09,0.019,0.087,18.578,18.149,8.818,12.657,1.533,16.114,1.218,16.135,0.489
Talladega,1121,1,3.018,0,7.356,1.832,0.615,0.27,0.564,31.184,19.826,3.735,5.284,6.368,13.212,4.865,1.762,0.11
Tallapoosa,1123,1,6.132,0,4.788,0.819,0.219,0.053,0.342,35.386,26.887,1.173,8.561,7.829,6.163,0.172,1.419,0.058
Tuscaloosa,1125,1,2.217,0,4.956,2.009,0.919,0.328,0.706,29.822,17.722,11.715,12.486,3.035,4.791,1.488,7.679,0.125
Walker,1127,1,1.383,0,4.518,1.006,0.467,0.098,1.267,27.042,23.366,10.466,10.541,7.31,9.842,0.524,2.133,0.036
Washington,1129,1,0.946,0,3.47,0.33,0.086,0.045,0.221,4.989,29.307,21.439,13.883,5.949,4.076,0.728,14.337,0.194
Wilcox,1131,1,2.53,0,2.938,0.182,0.039,0.016,0.062,21.331,28.211,5.848,11.863,5.225,6.619,1.124,12.998,1.013
Winston,1133,1,2.53,0,4.182,0.824,0.237,0.108,0.209,24.961,25.119,14.116,8.698,6.185,10.711,0.653,1.457,0.01
Apache,4001,4,0.064,0,0.274,0.084,0.015,0.002,1.421,0.091,15.61,0,30.289,8.934,0.025,0.017,0.071,0.083
Cochise,4003,4,0.024,0,1.56,0.268,0.094,0.019,0.883,0,7.032,0.446,81.801,4.149,0.205,3.3,0.173,0.04
Coconino,4005,4,0.089,0,0.292,0.091,0.039,0.01,2.656,0.03,14.859,0.001,33.684,5.903,0.007,0.005,0.083,0.037
Gila,4007,4,0.678,0,0.562,0.242,0.066,0.014,0.346,0,37.721,0.005,59.703,0.36,0.009,0.008,0.144,0.143
Graham,4009,4,0.029,0,0.414,0.222,0.042,0.009,0.213,0.013,16.495,0.002,78.224,2.085,0.052,1.63,0.47,0.102
Greenlee,4011,4,0.012,0,0.477,0.372,0.086,0.008,0.894,0.105,41.371,0,54.043,2.129,0.205,0.112,0.14,0.046
La Paz,4012,4,0.285,0,0.722,0.344,0.072,0.012,1.662,0.122,0.033,0.003,89.041,2.64,3.941,0.557,0.438,0.128
Maricopa,4013,4,0.171,0,1.926,2.369,2.119,0.523,0.114,0,0.27,0.001,43.98,2.355,0.243,2.792,0.408,0.121
Mohave,4015,4,0.357,0,0.341,0.221,0.072,0.015,1.078,0.058,4.284,0.002,39.78,2.356,0.052,0.054,0.13,0.042
Navajo,4017,4,0.032,0,0.306,0.099,0.03,0.004,1.031,0,10.717,0,36.053,7.533,0.057,0.034,0.133,0.06
Pima,4019,4,0.019,0,0.772,0.843,0.409,0.091,0.544,0,1.2,0.01,52.216,0.787,0.013,0.274,0.358,0.012
Pinal,4021,4,0.085,0,3.128,1.029,0.376,0.076,0.408,0,0.936,0.001,82.616,0.297,0.618,9.558,0.797,0.073
Santa Cruz,4023,4,0.038,0,1.688,0.29,0.111,0.048,0.01,0,11.535,0.141,82.383,2.449,0.66,0.18,0.204,0.159
Yavapai,4025,4,0.067,0,0.522,0.266,0.087,0.017,0.169,0,11.637,0.001,45.442,1.997,0.122,0.002,0.102,0.069
Yuma,4027,4,0.153,0,0.923,0.598,0.307,0.08,14.081,0.012,0.003,0,76.85,0.804,0.749,4.886,0.357,0.136
Arkansas,5001,5,3.981,0,4.121,0.364,0.178,0.078,0.115,1.766,0.73,4.074,0.03,0.043,0.171,52.437,31.235,0.677
Ashley,5003,5,2.337,0,1.999,3.119,0.368,0.087,0.041,1.126,34.21,3.471,10.056,2.789,2.477,19.696,17.066,1.159
Baxter,5005,5,5.974,0,4.437,1.62,0.349,0.097,0.346,55.23,6.921,8.322,0.071,2.202,14.291,0.034,0.105,0.001
Benton,5007,5,3.917,0,7.844,3.321,1.647,0.616,0.292,38.891,1.15,0.481,0.053,1.806,39.596,0.109,0.272,0.003
Boone,5009,5,1.674,0,3.57,1.339,0.366,0.133,0.382,42.802,4.928,1.819,0.31,2.313,40.059,0.062,0.242,0
Bradley,5011,5,0.886,0,1.175,2.805,0.207,0.05,0.027,1.692,43.685,2.394,13.213,5.375,2.967,0.217,25.092,0.215
Calhoun,5013,5,0.746,0,1.933,3.122,0.264,0.036,0.061,2.408,52.205,2.476,10.109,2.9,2.421,0.141,21.019,0.16
Carroll,5015,5,1.608,0,3.824,1.059,0.206,0.053,0.203,46.123,6.486,1.574,0.157,2.238,36.219,0.027,0.224,0
Chicot,5017,5,9.46,0,3.969,0.509,0.144,0.037,0.363,0.083,1.319,0.552,0.278,0.078,0.711,64.826,17.243,0.428
Clark,5019,5,1.578,0,3.08,0.983,0.207,0.061,0.099,10.595,41.364,10.979,5.541,4.829,9.179,1.421,9.736,0.347
Clay,5021,5,1.043,0,4.879,0.497,0.13,0.038,0.009,9.962,0.103,0.375,0.01,0.086,6.85,66.167,9.762,0.088
Cleburne,5023,5,6.424,0,2.873,1.331,0.257,0.148,0.226,32.937,13.911,16.292,1.699,4.163,19.304,0.137,0.3,0
Cleveland,5025,5,0.384,0,1.121,2.523,0.121,0.025,0.005,3.703,48.67,1.986,8.297,2.046,3.909,0.109,26.426,0.676
Columbia,5027,5,0.755,0,2.173,2.059,0.336,0.11,0.021,11.044,55.921,4.376,9.344,1.98,4.342,0.057,7.401,0.082
Conway,5029,5,2.223,0,4.043,1.356,0.323,0.108,0.187,22.172,20.792,5.442,1.76,2.728,28.509,5.478,4.489,0.389
Craighead,5031,5,1.042,0,6.552,1.827,0.902,0.348,0.096,6.229,0.193,0.27,0.01,0.093,4.986,70.63,6.731,0.09
Crawford,5033,5,2.009,0,3.489,2.275,0.682,0.216,0.259,48.016,6.771,2.867,0.296,1.88,26.946,3.178,0.807,0.309
Crittenden,5035,5,3.949,0,5.219,1.828,0.917,0.364,0.198,0.366,0.03,0.19,0.01,0.44,0.198,76.2,9.759,0.332
Cross,5037,5,1.73,0,4.014,0.741,0.172,0.049,0.095,8.358,0.107,1.978,0.094,0.13,1.613,74.134,6.585,0.199
Dallas,5039,5,0.194,0,1.574,2.782,0.181,0.029,0.002,4.799,57.726,1.85,9.618,3.499,2.772,0.106,14.431,0.437
Desha,5041,5,8.144,0,3.199,0.419,0.135,0.058,0.98,0.15,0.136,0.659,0.164,0.067,0.187,55.638,29.288,0.773
Drew,5043,5,0.832,0,1.555,2.576,0.204,0.059,0.065,2.792,36.697,3.969,10.52,3.749,5.296,13.584,17.483,0.619
Faulkner,5045,5,2.426,0,5.122,2.912,0.868,0.43,0.147,32.259,5.676,1.462,0.635,2.341,37.484,4.587,3.306,0.347
Franklin,5047,5,1.728,0,3.396,1.502,0.215,0.036,0.11,31.055,16.904,5.108,2.239,4.119,32.681,0.445,0.283,0.178
Fulton,5049,5,0.508,0,4.176,0.567,0.041,0.009,0.074,54.159,1.697,4.279,0.101,3.152,30.868,0.105,0.263,0.001
Garland,5051,5,7.567,0,5.846,2.365,0.861,0.343,0.156,33.695,23.359,14.153,3.203,2.517,5.576,0.033,0.318,0.007
Grant,5053,5,0.285,0,2.228,2.883,0.191,0.066,0.025,5.928,47.551,0.638,8.858,2.541,4.62,0.271,23.033,0.882
Greene,5055,5,1.915,0,5.134,0.9,0.357,0.137,0.079,18.154,0.663,1.213,0.047,0.157,8.152,58.183,4.795,0.114
Hempstead,5057,5,1.925,0,3.821,1.522,0.339,0.177,0.273,22.069,22.373,3.253,6.838,6.478,22.835,0.88,6.5,0.717
Hot Spring,5059,5,1.963,0,3.729,1.745,0.424,0.165,0.195,21.077,36.678,8.554,6.945,3.212,10.702,0.887,3.488,0.236
Howard,5061,5,1.077,0,4.485,1.011,0.235,0.068,0.278,23.153,18.221,9.183,8.217,9.649,21.639,0.027,2.143,0.613
Independence,5063,5,1.286,0,3.502,1.423,0.285,0.145,0.198,31.062,5.023,13.405,0.225,2.52,24.55,13.702,2.655,0.018
Izard,5065,5,0.516,0,3.802,0.839,0.112,0.03,0.182,45.089,7.541,14.97,0.189,3.514,23.094,0.051,0.07,0
Jackson,5067,5,1.786,0,4.577,0.723,0.236,0.084,0.037,5.76,0.238,1.376,0.002,0.388,2.667,72.125,9.871,0.13
Jefferson,5069,5,4.435,0,3.267,3.122,1.058,0.468,0.069,6.78,13.4,0.813,3.167,0.488,1.101,47.73,13.881,0.221
Johnson,5071,5,3.317,0,3.847,1.047,0.191,0.05,0.156,45.743,17.025,3.974,1.133,1.433,19.823,0.871,0.966,0.424
Lafayette,5073,5,4.125,0,2.988,1.484,0.252,0.029,0.322,13.848,33.792,2.856,7.553,2.933,10.307,12.781,6.033,0.697
Lawrence,5075,5,1.206,0,4.06,1.007,0.266,0.066,0.132,17.399,0.868,6.825,0.029,1.313,11.543,49.902,5.341,0.041
Lee,5077,5,2.934,0,4.064,0.26,0.068,0.018,0.181,3.995,0.123,0.816,0.025,0.193,0.392,71.68,14.915,0.334
Lincoln,5079,5,1.721,0,3.276,1.324,0.16,0.048,0.058,5.666,17.6,2.252,4.741,1.175,2.798,43.738,15.063,0.381
Little River,5081,5,4.625,0,3.533,0.658,0.178,0.069,0.91,21.625,20.833,1.671,4.289,6.571,24.006,4.233,5.651,1.148
Logan,5083,5,1.963,0,2.912,1.435,0.236,0.051,0.183,23.911,23.977,9.792,3.368,5.975,23.576,1.394,0.942,0.286
Lonoke,5085,5,4.96,0,5.184,1.314,0.362,0.122,0.071,8.828,1.753,1.026,0.23,0.452,11.162,52.853,11.311,0.373
Madison,5087,5,0.033,0,3.361,0.551,0.095,0.016,0.08,63.334,1.91,0.521,0.156,2.216,27.438,0.029,0.258,0.002
Marion,5089,5,6.661,0,3.461,0.656,0.082,0.02,0.53,55.703,7.243,3.615,0.238,2.91,18.657,0.088,0.135,0.001
Miller,5091,5,2.908,0,3.432,3.137,0.917,0.244,0.45,9.321,13.327,7.763,8.75,2.459,18.968,18.512,8.455,1.358
Mississippi,5093,5,2.956,0,5.319,1.078,0.47,0.305,0.044,0.069,0.003,0.005,0,0.115,0.081,82.349,7.03,0.175
Monroe,5095,5,2.163,0,4.072,0.468,0.119,0.033,0.031,1.361,0.226,1.369,0.009,0.051,0.11,55.353,34.071,0.563
Montgomery,5097,5,2.268,0,2.942,0.544,0.063,0.013,0.073,46.448,16.819,16.7,1.978,2.205,9.579,0.026,0.309,0.031
Nevada,5099,5,0.366,0,2.342,1.952,0.165,0.034,0.06,13.284,43.093,4.176,8.974,5.424,11.413,0.183,8.129,0.404
Newton,5101,5,0.052,0,2.877,0.229,0.018,0.003,0.027,79.509,4.429,1.171,0.092,2.132,9.336,0.011,0.113,0
Ouachita,5103,5,1.299,0,2.917,3.409,0.405,0.091,0.181,5.587,45.571,5.539,7.554,2.233,2.654,0.196,22.248,0.115
Perry,5105,5,1.71,0,3.871,0.593,0.058,0.01,0.031,28.117,31.628,12.843,4.307,3.649,10.293,1.454,1.296,0.14
Phillips,5107,5,4.775,0,4.452,0.527,0.191,0.064,0.219,2.961,0.219,0.69,0.011,0.171,0.535,71.562,13.256,0.368
Pike,5109,5,1.836,0,4.242,0.842,0.124,0.027,0.133,22.863,28.124,10.981,9.116,8.727,11.171,0.014,1.644,0.156
Poinsett,5111,5,2.825,0,4.967,0.763,0.201,0.051,0.076,3.631,0.075,0.192,0.005,0.032,1.509,75.923,9.636,0.114
Polk,5113,5,0.238,0,3.727,0.849,0.172,0.066,0.208,42.199,18.383,10.439,3.307,5.515,14.732,0.025,0.11,0.029
Pope,5115,5,2.167,0,3.235,1.579,0.407,0.155,0.225,39.667,22.533,4.373,1.096,1.202,20.944,1.312,0.926,0.18
Prairie,5117,5,5.203,0,4.333,0.307,0.113,0.035,0.052,6.276,1.979,3.4,0.071,0.053,3.389,56.908,17.668,0.213
Pulaski,5119,5,5.509,0,7.572,8.668,3.954,2.12,0.342,27.772,10.025,1.774,2.05,2.289,7.279,13.605,6.767,0.276
Randolph,5121,5,0.893,0,3.632,0.633,0.116,0.044,0.029,40.818,1.217,6.054,0.049,2.199,19.411,19.254,5.607,0.042
St. Francis,5123,5,1.672,0,5.585,0.901,0.245,0.074,0.049,7.245,0.116,1.771,0.065,0.114,1.024,68.22,12.601,0.319
Saline,5125,5,1.209,0,5.435,3.164,0.806,0.267,0.168,32.436,28.829,8.126,6.196,3.427,5.538,0.255,3.935,0.209
Scott,5127,5,0.354,0,3.17,0.538,0.073,0.024,0.018,30.926,33.207,14.465,2.621,3.139,11.14,0.018,0.287,0.021
Searcy,5129,5,0.164,0,2.986,0.429,0.038,0.009,0.109,65.567,3.254,1.806,0.209,2.525,22.657,0.064,0.182,0
Sebastian,5131,5,1.829,0,5.373,4.504,1.712,0.753,0.418,28.136,8.155,6.182,4.731,11.604,24.48,0.948,0.984,0.19
Sevier,5133,5,2.279,0,3.939,1.194,0.2,0.06,0.252,22.52,17.961,7.919,7.162,9.012,19.455,0.073,7.235,0.738
Sharp,5135,5,0.418,0,4.282,0.798,0.118,0.036,0.106,55.662,3.413,11.662,0.409,3.353,19.462,0.041,0.239,0.002
Stone,5137,5,0.61,0,2.989,0.662,0.081,0.027,0.137,59.618,8.294,10.385,0.394,3.527,13.055,0.073,0.149,0.001
Union,5139,5,1.252,0,2.029,3.978,0.643,0.171,0.028,3.895,49.589,6.137,10.638,2.618,1.35,0.081,17.014,0.579
Van Buren,5141,5,1.687,0,3.624,0.861,0.201,0.083,0.153,52.825,13.358,7.162,0.926,3.441,15.108,0.093,0.442,0.035
Washington,5143,5,0.47,0,5.334,2.825,1.398,0.498,0.245,46.204,1.189,0.674,0.05,1.8,38.793,0.064,0.451,0.004
White,5145,5,1.331,0,3.832,1.642,0.525,0.252,0.182,21.776,6.651,5.584,0.341,1.666,27.727,19.736,8.484,0.271
Woodruff,5147,5,1.591,0,4.106,0.334,0.082,0.026,0.036,1.022,0.934,0.483,0.001,0.007,0.149,71.115,19.621,0.494
Yell,5149,5,1.85,0,3.162,0.903,0.125,0.031,0.126,25.769,28.065,11.713,2.925,3.004,17.222,1.45,3.45,0.206
Alameda,6001,6,5.625,0,7.399,7.199,15.365,5.234,0.596,0.002,1.702,15.234,6.738,31.659,0.439,1.192,0.168,1.447
Alpine,6003,6,0.711,0,0.573,0.246,0.03,0.001,4.443,0.122,40.002,0.004,50.301,2.807,0.105,0.034,0.008,0.611
Amador,6005,6,1.616,0,2.263,0.902,0.299,0.081,0.645,5.561,35.107,2.258,18.097,31.758,0.445,0.837,0.022,0.109
Butte,6007,6,2.115,0,3.169,1.453,0.994,0.251,0.443,4.41,35.745,0.45,7.479,17.094,1.105,23.042,0.747,1.502
Calaveras,6009,6,2.228,0,2.158,0.648,0.141,0.03,0.105,6.639,36.319,1.974,18.592,30.754,0.037,0.1,0.043,0.232
Colusa,6011,6,0.627,0,2.586,0.767,0.317,0.056,0.399,0.191,3.509,0.957,22.852,19.825,0.84,42.621,0.482,3.97
Contra Costa,6013,6,5.923,0,12.026,9.446,10.874,2.447,0.126,0.008,1.209,13.185,2.628,29.717,3.16,6.632,0.25,2.371
Del Norte,6015,6,1.124,0,4,0.438,0.24,0.071,0.348,2.52,66.512,9.907,10.62,1.884,1.029,0.27,0.633,0.404
El Dorado,6017,6,4.293,0,2.404,1.302,0.398,0.092,1.189,2.339,56.242,2.408,20.007,8.99,0.011,0.016,0.011,0.299
Fresno,6019,6,0.374,0.013,1.292,0.658,0.667,0.187,3.05,0.094,9.207,0.342,6.978,7.004,0.98,14.123,0.051,0.091
Glenn,6021,6,0.67,0,3.038,0.641,0.351,0.096,1.086,0.985,10.381,1.703,18.809,29.296,3.615,27.454,0.57,1.306
Humboldt,6023,6,1.658,0,2.457,0.42,0.333,0.042,0.757,4.921,61.225,7.211,11.221,7.226,1.766,0.056,0.36,0.346
Imperial,6025,6,6.716,0,0.911,1.496,0.463,0.07,26.428,0.014,0.017,0.014,46.673,0.095,7.627,8.813,0.458,0.199
Inyo,6027,6,0.096,0.005,0.155,0.078,0.008,0,2.899,0.018,2.197,0.013,40.682,0.484,0.096,0.074,0.059,0.13
Kern,6029,6,0.175,0,2.134,0.702,0.65,0.138,2.943,0.394,3.003,0.142,22.311,13.971,1.002,10.123,0.051,0.101
Kings,6031,6,1.37,0,3.659,1.641,1.726,0.415,1.548,0.001,0.002,0.279,2.11,17.616,7.677,61.763,0.024,0.169
Lake,6033,6,5.186,0,4.196,0.681,0.148,0.048,0.405,1.643,21.508,7.748,48.172,7.976,0.438,1.389,0.234,0.228
Lassen,6035,6,2.373,0,0.817,0.281,0.05,0.014,1.683,0.035,28.308,0.155,56.076,5.201,2.424,1.509,0.172,0.902
Los Angeles,6037,6,0.776,0,2.857,2.675,4.542,1.678,1.589,0.001,1.605,0.829,14.328,3.271,0.649,0.322,0.072,0.045
Madera,6039,6,0.659,0.082,2.817,0.805,0.41,0.089,4.079,1.415,29.1,0.077,12.009,22.473,3.484,22.29,0.141,0.069
Marin,6041,6,7.333,0,6.91,3.782,3.113,0.508,0.417,3.15,18.852,5.937,13.749,31.812,0.292,0.523,0.64,2.982
Mariposa,6043,6,0.837,0.001,1.226,0.138,0.025,0.006,1.982,3.299,38.531,0.575,24.82,28.452,0,0.002,0.044,0.062
Mendocino,6045,6,0.646,0,4.515,0.306,0.142,0.031,0.156,3.235,50.365,7.14,22.705,8.782,0.656,0.834,0.376,0.111
Merced,6047,6,1.378,0,4.031,1.581,1.033,0.156,0.883,0.026,0.022,1.44,3.524,34.507,9.599,35.56,0.595,5.664
Modoc,6049,6,3.696,0,0.792,0.145,0.02,0.004,5.525,0.012,25.831,0.003,35.158,20.342,3.944,2.84,0.084,1.605
Mono,6051,6,2.948,0.022,0.527,0.233,0.058,0.01,4.688,0.312,21.648,0.08,62.498,5.575,0.556,0.24,0.24,0.365
Monterey,6053,6,0.766,0,5.476,1.264,0.967,0.191,1.577,0.008,13.109,9.088,28.949,26.475,1.038,9.825,0.758,0.508
Napa,6055,6,5.064,0,2.759,1.995,1.659,0.281,0.394,1.851,13.258,10.735,36.525,15.301,0.781,7.531,0.262,1.603
Nevada,6057,6,1.516,0,2.922,1.211,0.417,0.122,0.432,5.381,58.125,2.584,19.375,7.802,0.006,0.003,0,0.103
Orange,6059,6,1.336,0,11.065,15.269,27.99,8.235,0.299,0.007,0.726,0.653,28.299,4.902,0.073,0.498,0.423,0.224
Placer,6061,6,6.314,0,3.91,1.936,2.031,0.527,0.348,3.107,48.169,2.616,13.467,11.282,1.878,3.922,0.14,0.353
Plumas,6063,6,2.262,0,0.888,0.225,0.06,0.023,0.14,0.167,67.514,0.122,22.993,3.946,0.754,0.083,0.009,0.813
Riverside,6065,6,0.697,0,2.054,1.546,1.472,0.197,3.566,0.01,0.997,0.166,36.007,3.668,1.066,1.437,0.132,0.087
Sacramento,6067,6,2.799,0,10.024,8.153,11.539,3.257,0.978,0.377,0.032,0.021,0.049,28.228,6.471,24.469,0.767,2.835
San Benito,6069,6,0.169,0,3.463,0.538,0.406,0.065,1.114,0.002,3.874,7.746,35.471,40.972,1.392,4.127,0.334,0.328
San Bernardino,6071,6,0.093,0,0.878,0.742,0.514,0.077,7.084,0.003,1.105,0.128,50.887,0.7,0.058,0.099,0.046,0.016
San Diego,6073,6,0.95,0,6.764,4.391,5.816,1.623,12.204,0.009,2.889,1.925,48.898,11.426,0.225,1.697,0.645,0.538
San Francisco,6075,6,3.712,0,9.165,9.818,36.399,37.131,0.014,0,2.221,0.394,0.39,0.533,0,0,0.192,0.03
San Joaquin,6077,6,2.206,0,4.275,3.351,4.827,1.722,0.238,0.009,0.01,0.686,2.042,16.846,7.091,55.059,0.479,1.161
San Luis Obispo,6079,6,0.771,0,4.699,0.922,0.561,0.055,4.466,0.004,4.553,8.973,27.104,41.553,1.665,3.855,0.34,0.478
San Mateo,6081,6,4.352,0,11.612,7.293,8.855,3.262,0.641,0.071,24.331,19.666,5.603,10.652,0.054,1.503,0.488,1.615
Santa Barbara,6083,6,4.024,0,4.042,1.426,0.931,0.069,0.821,0.002,10.81,10.666,41.726,18.055,1.481,5.091,0.415,0.444
Santa Clara,6085,6,1.795,0,7.336,6.47,10.293,2.698,0.055,0.021,6.674,24.846,18.655,17.945,0.151,2.377,0.195,0.49
Santa Cruz,6087,6,0.752,0,11.922,3.812,3.437,0.821,0.265,0.006,48.787,12.76,6.607,5.327,0.246,4.726,0.274,0.258
Shasta,6089,6,1.698,0.001,2.348,0.58,0.367,0.098,1.137,3.119,50.206,2.604,23.558,10.498,1.983,1.506,0.2,0.097
Sierra,6091,6,0.765,0,1.079,0.213,0.035,0.007,0.097,0.379,60.415,0.51,30.012,5.561,0.392,0.101,0.001,0.433
Siskiyou,6093,6,0.544,0.067,1.962,0.349,0.087,0.016,2.004,0.685,58.118,1.642,20.533,7.555,2.55,3.109,0.17,0.609
Solano,6095,6,8.253,0,4.453,3.035,4.944,1.379,0.376,0.243,0.611,2.466,3.051,27.028,7.349,25.783,0.219,10.81
Sonoma,6097,6,1.312,0,5.556,2.856,2.459,0.432,0.244,2.09,28.007,8.759,16.723,22.887,0.883,6.44,0.346,1.008
Stanislaus,6099,6,1.308,0,4.024,2.46,3.034,0.829,0.351,0.056,0.013,4.716,11.468,30.287,9.668,30.193,0.687,0.906
Sutter,6101,6,1.13,0,4.438,2.128,1.517,0.337,0.195,0.244,0.101,0.168,1.056,8.942,1.302,72.952,1.094,4.396
Tehama,6103,6,0.377,0,2.389,0.368,0.173,0.055,0.461,1.581,21.21,1.454,25.325,39.648,2.188,3.769,0.877,0.127
Trinity,6105,6,0.905,0.166,2.566,0.091,0.022,0.007,0.558,2.341,63.756,3.475,22.76,3.254,0.003,0.008,0.065,0.021
Tulare,6107,6,0.295,0.005,1.736,0.746,0.842,0.155,5.061,1.408,27.047,0.172,20.906,17.029,3.588,20.805,0.079,0.127
Tuolumne,6109,6,2.043,0.025,0.968,0.266,0.065,0.028,9.153,1.793,46.014,0.342,28.04,10.903,0.009,0.026,0.002,0.323
Ventura,6111,6,2.604,0,5.6,3.557,3.469,0.339,1.29,0.004,13.325,7.381,44.166,10.293,0.824,6.329,0.49,0.328
Yolo,6113,6,1.138,0,3.522,1.574,1.934,0.668,0.613,0.125,0.845,1.974,12.402,20.178,3.814,48.405,0.239,2.567
Yuba,6115,6,1.922,0,4.435,0.93,0.81,0.202,3.35,6.784,27.151,1.487,2.951,25.449,2.96,20.042,0.639,0.888
Adams,8001,8,0.664,0,4.822,3.992,3.093,0.982,0.097,0.107,0.014,0.003,0.168,25.577,2.475,56.84,0.778,0.387
Alamosa,8003,8,0.571,0.01,1.146,1.402,0.411,0.054,2.322,0.496,4.982,0.199,55.332,5.097,21.301,0.062,3.744,2.872
Arapahoe,8005,8,0.51,0,6.568,6.636,4.094,1.277,0.163,0.13,0.029,0,0.574,43.571,0.443,33.942,1.571,0.493
Archuleta,8007,8,0.348,0,0.545,0.194,0.034,0.006,1.045,13.702,41.998,5.761,23.773,8.351,1.926,0.036,2.111,0.171
Baca,8009,8,0.01,0,2.838,0.11,0.014,0.003,0.052,0.047,0.302,0,10.921,47.511,3.926,33.884,0.062,0.32
Bent,8011,8,0.967,0,1.368,0.145,0.012,0.002,0.233,0,0.006,0,11.716,75.543,0.128,8.193,0.513,1.175
Boulder,8013,8,1.582,2.406,3.663,4.814,2.253,0.605,2.775,1.091,42.153,0.042,8.848,12.197,3.615,10.04,2.965,0.949
Broomfield,8014,8,0.907,0,14.802,16.887,12.48,3.444,0.433,0.038,0.032,0.007,1.927,16.287,2.677,27.805,1.86,0.414
Chaffee,8015,8,0.133,0.185,0.616,0.493,0.191,0.025,11.732,3.781,40.845,0.45,7.858,29.519,1.866,0.208,1.884,0.214
Cheyenne,8017,8,0.011,0,2.831,0.097,0.013,0.003,0.029,0.007,0.001,0,6.956,52.739,0.3,36.887,0.014,0.111
Clear Creek,8019,8,0.224,4.982,0.875,0.599,0.249,0.044,7.685,2.134,58.218,0.237,3.284,19.586,0.083,0,1.77,0.03
Conejos,8021,8,0.241,0.01,1.123,0.514,0.066,0.003,0.624,6.654,20.169,1.186,29.456,21.903,11.486,0.014,3.749,2.802
Costilla,8023,8,0.274,0.015,0.873,0.324,0.009,0.001,1.894,5.203,23.098,1.76,43.65,15.258,3.794,1.988,1.295,0.566
Crowley,8025,8,1.122,0,3.176,0.186,0.019,0.002,0.307,0,0.004,0,10.279,80.242,0,3.764,0.207,0.693
Custer,8027,8,0.097,0,0.632,0.107,0.005,0,2.079,5.855,35.134,1.226,8.489,41.064,3.57,0.061,1.015,0.667
Delta,8029,8,0.493,0,0.954,0.934,0.288,0.049,1.354,19.775,22.097,1.013,34.963,3.037,10.061,3.34,1.631,0.012
Denver,8031,8,0.677,0,14.416,30.146,20.479,13.666,0.082,0.031,0.009,0.001,0.074,6.924,0.404,12.171,0.847,0.073
Dolores,8033,8,0.099,0,0.755,0.059,0.003,0,1.283,25.312,37.007,1.434,20.079,5.637,0.994,7.108,0.229,0.002
Douglas,8035,8,0.301,0,5.726,3.245,2.368,0.493,0.113,2.804,27.403,0.145,21.266,33.849,0.025,0.364,1.123,0.776
Eagle,8037,8,0.226,0.534,0.73,0.574,0.261,0.037,3.436,18.826,35.808,1.878,24.726,10.186,1.282,0.005,1.387,0.103
Elbert,8039,8,0.021,0,3.213,0.11,0.015,0.003,0.102,0.004,2.68,0,1.936,82.601,0.101,7.907,0.296,1.01
El Paso,8041,8,0.138,0,3.846,2.908,1.806,0.513,0.562,0.838,13.361,0.013,7.113,66.647,0.017,0.988,0.438,0.812
Fremont,8043,8,0.086,0,1.255,0.718,0.224,0.055,0.614,2.632,47.22,0.345,21.146,23.831,0.398,0.488,0.743,0.244
Garfield,8045,8,0.277,0,0.505,0.45,0.151,0.022,2.746,24.291,31.185,1.111,24.849,9.404,3.725,0.011,1.055,0.219
Gilpin,8047,8,0.171,2.871,1.225,0.823,0.131,0.038,1.391,3.043,71.571,0.093,4.881,12.334,0.02,0,1.307,0.1
Grand,8049,8,1.168,4.195,0.621,0.261,0.068,0.01,2.986,3.426,42.87,0.164,29.946,9.02,2.074,0.016,2.557,0.617
Gunnison,8051,8,0.585,0.023,0.423,0.165,0.049,0.006,4.096,22.249,33.014,1.701,21.563,12.657,1.76,0,1.547,0.16
Hinsdale,8053,8,0.463,0,0.175,0.054,0.007,0,9.308,10.519,43.701,1.649,1.134,29.715,0.606,0.004,2.603,0.061
Huerfano,8055,8,0.128,0.001,0.469,0.179,0.048,0.005,0.999,5.265,22.216,1.66,18.9,48.566,0.63,0.042,0.519,0.373
Jackson,8057,8,0.532,0.904,0.369,0.044,0.005,0.001,1.216,4.23,30.014,0.338,36.409,12.894,6.943,0.003,4.43,1.668
Jefferson,8059,8,1.117,0,5.362,8.562,3.826,1.081,0.213,3.019,42.347,0.369,21.868,9.893,0.449,0.132,1.594,0.168
Kiowa,8061,8,0.378,0,2.832,0.096,0.008,0.001,0.151,0,0.003,0,5.528,56.116,0.121,33.878,0.033,0.855
Kit Carson,8063,8,0.016,0,3.301,0.152,0.041,0.008,0.017,0.033,0.002,0,0.103,37.993,1.034,57.151,0.071,0.08
Lake,8065,8,1.984,1.3,1.027,0.351,0.182,0.018,12.532,3.507,39.416,0.096,0.438,34.018,0.043,0,3.947,1.142
La Plata,8067,8,0.536,0,0.881,0.594,0.102,0.015,1.419,18.898,35.73,3.028,21.946,6.655,8.506,0.46,1.223,0.006
Larimer,8069,8,1.046,1.787,1.76,1.679,0.771,0.19,1.687,0.917,44.476,0.067,14.547,21.087,1.714,5.854,1.807,0.61
Las Animas,8071,8,0.049,0,0.402,0.096,0.013,0.002,0.158,1.989,16.119,0.408,18.419,60.646,0.275,0.736,0.416,0.27
Lincoln,8073,8,0.045,0,3.435,0.105,0.02,0.004,0.064,0.066,0.003,0,6.069,66.339,0.116,23.166,0.04,0.528
Logan,8075,8,0.474,0,3.571,0.386,0.099,0.029,0.11,0.193,0.013,0.005,0.087,53.539,1.002,39.014,0.944,0.534
Mesa,8077,8,0.353,0,0.726,1.032,0.503,0.136,1.275,17.956,31.709,0.9,36.188,3.234,1.775,2.738,1.452,0.022
Mineral,8079,8,0.192,0,0.288,0.091,0.019,0.003,4.12,9.617,49.911,2.497,2.008,26.69,0.125,0.005,3.647,0.787
Moffat,8081,8,0.247,0,0.437,0.136,0.03,0.005,0.682,4.779,12.473,0.155,77.905,0.9,1.702,0.326,0.195,0.028
Montezuma,8083,8,0.412,0,1.045,0.37,0.047,0.005,0.867,10.49,29.027,0.705,42.248,4.867,5.036,4.259,0.613,0.008
Montrose,8085,8,0.089,0,0.819,0.608,0.199,0.05,1.186,16.952,37.696,0.211,31.159,1.671,6.518,2.246,0.595,0.001
Morgan,8087,8,0.776,0,3.855,0.595,0.195,0.055,0.05,0.163,0.022,0.005,0.763,57.827,0.928,33.032,1.267,0.467
Otero,8089,8,0.305,0,1.766,0.56,0.136,0.03,0.128,0,0.036,0,5.939,81.575,0.001,7.711,0.583,1.231
Ouray,8091,8,0.319,0,0.757,0.331,0.045,0.006,8.044,28.464,39.716,1.222,5.181,11.879,3.609,0.027,0.397,0.003
Park,8093,8,0.604,0.331,0.946,0.105,0.007,0.001,2.325,5.1,33.437,0.267,3.205,49.662,0.302,0.001,2.24,1.468
Phillips,8095,8,0.047,0,3.608,0.206,0.045,0.017,0.017,0.068,0.002,0,0.017,15.163,0.116,80.692,0.001,0.001
Pitkin,8097,8,0.23,0.326,0.647,0.325,0.106,0.019,10.139,24.166,35.745,2.018,7.337,15.671,1.132,0.003,2.032,0.104
Prowers,8099,8,0.169,0,2.334,0.355,0.061,0.014,0.12,0.032,0.018,0,10.248,48.092,2.524,34.857,0.522,0.653
Pueblo,8101,8,0.467,0,1.992,1.292,0.768,0.246,0.189,0.648,4.322,0.091,14.458,71.787,0.096,2.364,0.554,0.726
Rio Blanco,8103,8,0.102,0,0.423,0.167,0.019,0.004,1.47,17.756,34.984,1.57,37.613,2.213,3.066,0.04,0.507,0.065
Rio Grande,8105,8,0.116,0.001,1.334,1.041,0.249,0.023,0.754,6.273,27.592,1.832,16.384,22.013,16.829,0.054,3.51,1.996
Routt,8107,8,0.312,0,0.496,0.205,0.056,0.018,0.468,31.193,22.823,2.885,27.758,5.835,5.945,0.225,1.506,0.275
Saguache,8109,8,0.045,0,0.408,0.326,0.041,0.002,2.412,6.669,30.091,0.887,25.555,25.067,5.664,0.008,1.78,1.045
San Juan,8111,8,0.212,0,0.649,0.158,0.01,0.001,19.803,7.815,33.098,1.045,0.137,34.788,0,0,2.278,0.007
San Miguel,8113,8,0.124,0,0.481,0.147,0.021,0.002,3.294,18.097,36.307,1.583,28.721,8.191,2.232,0.542,0.256,0.002
Sedgwick,8115,8,0.618,0,3.457,0.295,0.052,0.011,0.05,0.155,0.003,0.003,0.011,33.205,0.329,60.541,0.931,0.338
Summit,8117,8,1.566,4.43,1.473,0.922,0.526,0.101,10.81,4.31,45.027,0.451,9.038,18.412,0.479,0,2.28,0.175
Teller,8119,8,0.285,0,0.961,0.348,0.047,0.014,1.426,1.779,56.376,0.234,11.909,25.076,0.245,0,1.177,0.124
Washington,8121,8,0.147,0,3.264,0.091,0.015,0.004,0.028,0.05,0.001,0.002,0.119,45.576,0.73,49.794,0.092,0.089
Weld,8123,8,0.795,0,2.68,1.08,0.537,0.124,0.235,0.093,0.013,0.015,0.604,58.415,2.638,31.602,0.487,0.683
Yuma,8125,8,0.1,0,3.475,0.15,0.038,0.01,0.037,0.092,0.005,0,0.079,53.702,0.865,40.902,0.347,0.2
Fairfield,9001,9,5.537,0,18.743,11.249,7.714,2.73,0.23,41.756,1.784,0.548,0.755,0.327,2.401,0.081,5.297,0.848
Hartford,9003,9,2.453,0,14.501,13.482,9.627,2.482,0.383,33.085,3.47,2.606,1.447,0.74,5.811,2.332,7.036,0.543
Litchfield,9005,9,3.051,0,6.472,2.362,1.052,0.231,0.209,59.249,5,4.677,1.136,0.309,9.473,0.864,5.287,0.627
Middlesex,9007,9,5.012,0,9.012,5.516,2.75,0.664,0.466,56.816,1.701,2.043,1.571,0.418,4.284,0.2,7.299,2.248
New Haven,9009,9,4.324,0,14.847,12.845,9.971,2.782,0.484,40.206,1.642,0.997,1.065,1.06,3.135,0.307,4.814,1.523
New London,9011,9,4.573,0,7.083,4.52,3.293,0.923,0.362,52.245,1.971,2.052,1.371,0.66,6.737,1.026,11.468,1.716
Tolland,9013,9,1.888,0,7.845,4.128,1.291,0.282,0.211,50.823,3.937,8.586,1.778,0.312,7.071,1.855,9.279,0.714
Windham,9015,9,1.505,0,6.019,2.803,1.246,0.323,0.45,47.882,4.548,7.368,1.385,0.3,9.225,0.703,14.882,1.36
Kent,10001,10,2.456,0,7.573,3.306,1.492,0.703,0.123,5.211,0.366,0.432,0.859,0.342,11.398,35.817,20.043,9.878
New Castle,10003,10,11.615,0,16.151,10.722,5.9,2.856,0.284,11.658,0.406,0.608,1.593,0.445,5.134,17.817,7.939,6.872
Sussex,10005,10,4.573,0,6.418,3.834,1.709,0.488,0.423,5.836,4.101,2.776,3.061,0.673,8.969,34.401,18.833,3.906
Alachua,12001,12,2.993,0,6.29,2.506,0.862,0.192,0.181,0.189,32.533,1.452,13.634,4.859,14.241,3.099,11.098,5.871
Baker,12003,12,0.537,0,4.415,0.909,0.147,0.044,0.213,0.066,37.176,0.595,14.444,6.029,2.162,0.436,31.194,1.636
Bay,12005,12,12.639,0,7.078,4.098,1.907,0.565,1.435,0.004,18.228,0.243,14.674,3.785,0.805,0.219,30.069,4.251
Bradford,12007,12,2.849,0,5.569,1.299,0.339,0.072,0.357,0.176,30.293,1.629,16.702,6.633,9.229,2.355,20.551,1.946
Brevard,12009,12,20.447,0,9.195,7.018,3.288,0.863,0.254,0.022,2.867,0.173,2.675,0.895,6.348,4.972,25.793,15.19
Broward,12011,12,1.471,0,7.106,11.564,7.744,2.449,0.115,0,0.101,0.001,0.113,0.151,1.941,0.25,10.069,56.919
Calhoun,12013,12,1.257,0,4.243,0.37,0.059,0.007,0.257,0.028,33.852,0.314,17.999,5.403,2.81,4.207,28.111,1.083
Charlotte,12015,12,13.804,0,10.003,5.882,1.841,0.397,0.28,0.005,1.148,0.053,7.008,0.945,10.318,7.364,24.84,16.112
Citrus,12017,12,6.137,0,15.861,6.248,1.019,0.273,0.309,0.169,23.219,0.139,5.624,1.445,6.368,0.105,20.099,12.984
Clay,12019,12,6.159,0,10.344,4.869,1.506,0.346,1.666,0.232,30.197,1.279,18.373,6.727,2.297,0.271,14.143,1.59
Collier,12021,12,3.678,0,4.402,2.995,1.418,0.326,0.127,0.002,4.924,0.171,1.059,0.329,1.464,6.269,49.303,23.534
Columbia,12023,12,0.277,0,5.628,1.531,0.38,0.129,0.164,0.433,32.183,2.707,15.036,6.742,8.924,3.099,21.612,1.155
DeSoto,12027,12,0.478,0,3.821,0.853,0.227,0.083,0.115,0,0.74,0.049,5.782,1.665,34.862,24.599,21.822,4.904
Dixie,12029,12,1.315,0,4.614,0.892,0.151,0.026,0.627,0.088,26.627,0.444,12.882,3.829,1.867,1.277,35.344,10.018
Duval,12031,12,9.228,0,14.675,13.331,6.237,2.975,0.81,0.087,17.917,0.887,6.512,2.598,1.126,0.223,15.436,7.958
Escambia,12033,12,9.121,0,10.967,6.4,2.661,1.133,1.035,0.319,20.556,1.332,13.015,4.154,3.651,8.033,16.498,1.123
Flagler,12035,12,4.045,0,8.137,4.091,0.916,0.17,0.452,0.074,23.319,0.125,12.604,4.524,4.727,2.054,26.033,8.729
Franklin,12037,12,29.667,0,2.755,0.974,0.262,0.094,1.919,0.027,5.356,0.21,1.833,0.507,0.017,0.007,46.993,9.381
Gadsden,12039,12,2.175,0,4.681,1.219,0.291,0.128,0.42,1.585,36.568,4.419,10.404,5.118,4.196,5.522,21.496,1.778
Gilchrist,12041,12,0.477,0,3.913,0.989,0.124,0.02,0.186,0.052,24.618,0.811,17.474,10.31,16.926,10.062,11.756,2.282
Glades,12043,12,8.046,0,1.569,0.455,0.07,0.011,0.086,0,1.723,0.039,17.031,2.294,22.403,10.311,19.392,16.568
Gulf,12045,12,13.71,0,1.691,0.745,0.154,0.025,0.72,0.003,13.96,0.008,6.307,1.193,0.329,0.069,56.252,4.832
Hamilton,12047,12,2.43,0,4.153,0.827,0.176,0.061,2.064,0.872,27.842,2.494,15.148,9.662,4.412,6.057,20.783,3.019
Hardee,12049,12,1.498,0,3.161,0.532,0.157,0.05,2.101,0,1.067,0.048,4.542,3.844,35.227,17.686,27.132,2.956
Hendry,12051,12,2.456,0,2.834,0.88,0.168,0.051,0.08,0,1.723,0.06,1.388,1.106,18.319,37.748,22.875,10.312
Hernando,12053,12,2.479,0,13.039,8.939,2.488,0.53,0.851,0.266,29.483,0.16,6.263,1.939,10.287,0.406,17.5,5.369
Highlands,12055,12,6.109,0,6.748,2.553,0.637,0.162,0.241,0,1.749,0.064,9.588,2.428,28.13,16.507,20.204,4.882
Hillsborough,12057,12,8.84,0,14.433,9.936,7.496,2.784,1.792,0.114,4.171,0.127,4.468,3.49,9.751,6.437,23.07,3.092
Holmes,12059,12,0.952,0,4.101,0.405,0.089,0.023,0.071,2.901,33.081,2.079,17.018,2.832,5.032,12.273,18.385,0.759
Indian River,12061,12,9.298,0,8.386,5.171,1.774,0.405,0.384,0.014,1.777,0.098,2.063,0.751,7.783,27.316,25.986,8.794
Jackson,12063,12,2.039,0,5.511,0.693,0.207,0.068,0.083,1.533,25.702,1.029,17.181,3.332,9.299,16.641,15.891,0.791
Jefferson,12065,12,0.348,0,3.528,0.45,0.052,0.013,0.23,3.376,26.623,7.192,8.79,3.445,4.786,4.23,32.1,4.835
Lafayette,12067,12,0.272,0,3.98,0.692,0.057,0.01,0.267,0.077,21.741,1.924,13.494,6.717,4.965,2.966,34.901,7.938
Lake,12069,12,11.193,0,7.957,3.655,1.631,0.385,0.543,0.047,13.116,0.247,8.374,2.453,16.34,5.579,21.825,6.653
Lee,12071,12,21.931,0,16.27,13.007,4.858,1.315,0.519,0.013,1.15,0.04,1.621,1.282,3.181,3.789,24.12,6.904
Leon,12073,12,1.205,0,10.326,3.075,1.397,0.456,0.196,2.801,33.729,6.07,8.361,3.995,2.256,1.502,19.648,4.983
Levy,12075,12,1.343,0,4.62,0.881,0.185,0.029,0.664,0.055,28.415,0.006,16.425,5.533,9.995,5.458,16.157,10.235
Liberty,12077,12,0.602,0,2.371,0.225,0.034,0.009,0.178,0.085,34.647,0.177,4.957,2.753,0.501,0.342,50.249,2.87
Madison,12079,12,0.279,0,4.166,0.59,0.098,0.035,0.178,1.26,23.049,7.298,12.421,5.048,6.124,10.85,23.935,4.668
Manatee,12081,12,7.179,0,7.374,5.934,3.756,0.964,1.309,0.146,1.949,0.041,6.661,2.195,18.108,16.036,23.597,4.751
Marion,12083,12,1.886,0,10.074,3.338,1.069,0.261,0.363,0.134,38.073,0.049,14.421,3.922,14.696,1.708,7.053,2.953
Martin,12085,12,19.029,0,7.593,4.78,1.836,0.408,0.247,0.036,1.967,0.04,1.204,0.899,14.122,18.392,21.177,8.271
Miami-Dade,12086,12,6.772,0,4.665,7.414,4.587,2.28,0.328,0.059,0.46,0.038,0.587,0.323,0.118,4.718,11.389,56.262
Monroe,12087,12,5.907,0,0.114,0.106,0.094,0.026,0.007,0,0.012,0,0.004,0.003,0,0,5.412,4.162
Nassau,12089,12,3.166,0,5.479,1.677,0.555,0.148,0.51,0.13,33.361,1.607,15.509,6.021,2.292,0.345,21.273,7.926
Okaloosa,12091,12,6.444,0,7.202,3.361,1.447,0.599,1.097,0.538,39.771,2.308,14.805,5.104,2.278,3.467,11.196,0.383
Okeechobee,12093,12,11.407,0,3.22,0.91,0.232,0.069,0.094,0,1.462,0.141,8.444,1.156,39.508,4.755,20.09,8.511
Orange,12095,12,8.401,0,14.293,12.088,7.118,2.501,0.63,0.031,4.903,0.581,5.589,2.004,7.01,3.372,23.923,7.555
Osceola,12097,12,7.826,0,4.841,2.377,1.163,0.232,0.2,0.021,2.345,0.167,13.238,1.419,28.284,2.237,28.604,7.047
Palm Beach,12099,12,11.276,0,7.412,7.557,4.152,0.972,0.284,0.002,0.243,0.005,0.077,0.388,0.28,34.116,9.6,23.637
Pasco,12101,12,2.792,0,12.173,7.554,5.592,1.178,0.308,0.158,13.418,0.118,8.42,1.46,16.479,2.105,23.357,4.887
Pinellas,12103,12,30.655,0,9.919,22.914,15.821,4.99,0.468,0.005,2.001,0.07,1.068,0.18,0.209,0,7.932,3.769
Polk,12105,12,7.605,0,9.665,4.144,1.916,0.666,1.916,0.007,3.718,0.103,10.267,7.747,13.105,8.871,24.484,5.786
Putnam,12107,12,9.78,0,8.935,1.72,0.403,0.119,0.419,0.093,30.085,0.654,14.789,4.464,4.748,1.722,18.766,3.304
St. Johns,12109,12,10.69,0,7.455,5.381,1.89,0.371,1.118,0.22,19.256,0.837,12.852,2.866,2.073,5.145,24.167,5.678
St. Lucie,12111,12,6.68,0,12.758,7.867,2.761,0.784,0.347,0.023,1.657,0.026,1.143,0.64,11.467,34.144,15.14,4.564
Santa Rosa,12113,12,12.749,0,7.411,2.247,0.746,0.224,0.931,0.231,29.934,0.803,13.353,4.559,1.407,8.218,15.372,1.816
Sarasota,12115,12,5.822,0,14.527,10.344,6.572,1.775,0.302,0.535,4.594,0.063,6.208,1.452,11.166,1.508,26.431,8.701
Seminole,12117,12,8.187,0,19.345,13.147,5.998,1.612,0.108,0.004,5.431,0.38,2.212,0.961,4.102,1.049,28.321,9.142
Sumter,12119,12,1.313,0,5.617,2.316,1.799,0.328,0.752,0.204,16.534,0.037,5.629,1.592,25.955,0.37,32.594,4.959
Suwannee,12121,12,0.418,0,5.653,1.744,0.198,0.051,0.427,1.142,23.245,4.005,18.674,10.909,17.699,10.462,4.953,0.42
Taylor,12123,12,0.471,0,4.103,0.903,0.146,0.046,1.035,0.148,22.415,1.988,16.818,6.491,0.777,0.799,34.837,9.023
Union,12125,12,1.229,0,4.309,0.943,0.138,0.031,0.179,0.091,31.106,1.331,16.676,9.135,8.967,2.353,22.042,1.469
Volusia,12127,12,11.519,0,10.387,6.309,1.963,0.477,0.668,0.013,21.022,0.158,7.384,2.105,3.589,0.348,22.484,11.573
Wakulla,12129,12,3.357,0,3.983,0.848,0.181,0.036,0.921,1.875,31.311,4.439,3.99,1.377,0.482,1.285,37.658,8.255
Walton,12131,12,7.98,0,4.959,1.434,0.458,0.086,0.632,0.54,34.393,1.72,18.142,3.377,3.972,3.951,17.1,1.256
Washington,12133,12,2.241,0,5.275,1.162,0.146,0.034,0.511,0.154,30.817,1.372,22.424,7.088,5.643,2.551,18.677,1.905
Appling,13001,13,0.517,0,3.972,2.196,0.561,0.169,0.169,1.334,20.311,1.186,14.193,3.844,3.888,18.855,26.584,2.22
Atkinson,13003,13,0.313,0,4.023,1.183,0.213,0.067,0.056,0.62,23.295,1.473,14.553,5.217,3.573,14.423,26.733,4.257
Bacon,13005,13,0.265,0,4.422,2.087,0.48,0.113,0.046,0.718,18.98,0.463,14.142,4.749,5.18,20.969,23.86,3.526
Baker,13007,13,0.525,0,3.573,0.781,0.075,0.009,0.139,9.65,20.173,4.966,3.457,9.095,5.605,29.052,11.503,1.398
Baldwin,13009,13,3.404,0,6.716,2.398,0.737,0.247,0.6,27.884,21.516,4.669,4.489,12.646,8.175,0.959,5.375,0.185
Banks,13011,13,0.664,0,5.509,2.239,0.636,0.181,0.734,48.69,5.469,0.667,1.495,10.162,20.095,0.008,3.39,0.06
